0.0011868571190597477 -0.00019305019305014548
0.04925457044100978 0.017181467181467222
0.09730146170823939 0.03532818532818535
0.1482738516636808 0.044980694980694985
0.19667471786115687 0.05000000000000002
0.24785532836380242 0.05193050193050195
0.29908799400324715 0.05193050193050196
0.3477803689668082 0.04613899613899616
0.39947111981010175 0.02915057915057917
0.4485070586765494 0.010617760617760666
0.5001873984924825 -0.0059845559845559115
0.5518885603631365 -0.02335907335907328
0.6007995669012614 -0.03725868725868722
0.6522300420605498 -0.0445945945945945
0.7009120059967517 -0.04999999999999996
0.7494273934951894 -0.04922779922779921
0.8005663598883936 -0.045752895752895706
0.8488318827301875 -0.0357142857142857
0.899700162412026 -0.022200772200772156
0.9505372090117843 -0.007528957528957464
0.998667388497896 0.007528957528957547
1.0494732020155741 0.02335907335907335
1.097655436638487 0.036486486486486516
1.1459209594802806 0.046525096525096524
1.194332236705117 0.05115830115830116
1.2482717694582077 0.05077220077220082
1.2996918335901373 0.04382239382239381
1.3512160079956679 0.03301158301158301
1.4000957814517128 0.0202702702702703
1.4489755549077572 0.007528957528957561
1.4978240952817214 -0.004054054054054054
1.549421146878773 -0.017567567567567555
1.5981968100612167 -0.02644787644787644
1.646951651188939 -0.03455598455598455
1.7010057052429939 -0.03918918918918918
1.7522696039645183 -0.040347490347490356
1.8007537583808764 -0.038416988416988374
1.8491442135509935 -0.033011583011582996
1.8974617915295873 -0.02490347490347486
1.9456856702619405 -0.013320463320463313
1.9992920501395075 -0.0013513513513513375
2.047453462707699 0.012548262548262551
2.0983217423895377 0.026061776061776065
2.146535210094531 0.03803088803088803
2.197497189022612 0.048069498069498076
2.245929288302168 0.05193050193050192
2.2971515429142544 0.052316602316602304
2.348529962936742 0.04691119691119691
2.397388914338066 0.03494208494208495
2.4490484320992785 0.019111969111969107
2.498021904801565 0.0028957528957529455
2.5469745554491308 -0.012548262548262551
2.5986548952650645 -0.029150579150579115
2.647534668721109 -0.041891891891891825
2.698985965935119 -0.04999999999999993
2.750322741848165 -0.053861003861003814
2.801451297214009 -0.04999999999999996
2.8498105193020447 -0.043436293436293405
2.898055220089118 -0.032625482625482566
2.948892266688876 -0.017953667953667957
2.9968975138466663 0.0017374517374517395
3.047661683254903 0.019111969111969093
3.095708574522133 0.03725868725868724
3.146618498313413 0.04922779922779922
3.195040186565609 0.05347490347490347
3.2436492733102895 0.050772200772200765
3.2975471619539416 0.05193050193050191
3.346281181026943 0.04459459459459458
3.395296297838671 0.026833976833976828
3.4469454045725225 0.011389961389961414
3.4985424561695746 -0.0021235521235521138
3.5475367509265814 -0.019111969111969107
3.596374880273186 -0.03030888030888032
3.6478157664598347 -0.03803088803088803
3.696487319368676 -0.043050193050193
3.747751218090201 -0.04420849420849421
3.798900595510765 -0.04111969111969113
3.8499875067671683 -0.035714285714285726
3.8955878066047553 -0.02683397683397684
3.946487319368676 -0.014478764478764464
3.997313954941073 0.0005791505791505891
4.045496189563985 0.013706563706563701
4.096354058218469 0.027606177606177576
4.144557114896097 0.03996138996138994
4.195539915878896 0.049227799227799206
4.244013659267897 0.0515444015444015
4.292539457793693 0.0519305019305019
4.346551867738309 0.048841698841698804
4.395410819139633 0.036872586872586835
4.4470911589555655 0.020270270270270258
4.496075042685215 0.003667953667953597
4.547797026610586 -0.014478764478764464
4.596760088285512 -0.030308880308880293
4.648305084745768 -0.04189189189189188
4.697080747928205 -0.05077220077220074
4.748375879731814 -0.053088803088803094
4.796807979011371 -0.04922779922779924
4.845146379044686 -0.04189189189189188
4.896087535918045 -0.03108108108108107
4.944196893349435 -0.015250965250965337
4.997626285761879 0.003281853281853389
