0.16868777375975907 0.02286534321932554
0.22361286130933478 0.04368232980041187
0.2785254545259829 0.06554098676671638
0.3358494539976511 0.08635725938592131
0.3884256069568446 0.10300827838801674
0.4458495610919332 0.11549118792547663
0.5033859642233702 0.11859906399597309
0.5561495321764769 0.11962502721979651
0.6114369553809524 0.11023357262955724
0.6667368729183552 0.09980044765409979
0.722086767787468 0.0852006411377696
0.7798605632445288 0.06851677988912153
0.8351729751148589 0.05704198452844589
0.8904354096534786 0.04973387070864266
0.9456478668603887 0.04659243842971217
1.0031217983271874 0.054908666426299546
1.0582093122048217 0.06218393799955002
1.1132593430836728 0.07258422072845538
1.168209419299104 0.09131786653910545
1.2231594955145375 0.11005151234975663
1.2804585063203522 0.1329511257393985
1.3903211757524376 0.1735434285163548
1.3329471989490582 0.156893837438022
1.4453462179654226 0.18602705201569292
1.500383754511347 0.19746900512981608
1.5555962117182562 0.19432757285088548
1.6108586462568764 0.18701945903108236
1.6685824643822267 0.17450227932330675
1.7238823819196294 0.16406915434784936
1.7792572654545977 0.14738600706108296
1.836981083579948 0.13486882735330763
1.8898571005294027 0.12651975711016772
1.945132029400951 0.11816997290514653
2.002680926865315 0.12023617859042501
2.0577309577441665 0.13063646131933004
2.112743505624235 0.14416175520388963
2.1701424710934685 0.15872800551178567
2.222631163722169 0.18267071721040817
2.2799926461926203 0.20036197867395855
2.334905239409268 0.22222063564026306
2.387418920703824 0.24408000656844914
2.444842874838913 0.25656291610590903
2.4998804113848365 0.2680048692200323
2.555055385592963 0.26798844809675615
2.612654260389038 0.2658879722411619
2.6680416382569336 0.24816315456917748
2.720905160873461 0.24085575471125598
2.778641473331739 0.2272969046182624
2.834041345532562 0.20853041656105975
2.8917026919932747 0.20122158877937496
2.9445537202768746 0.19495585930667153
2.9997786718167117 0.19077275664252286
3.057252603283511 0.19908898463911012
3.112290139829435 0.2105309377532334
3.1648787871215562 0.22614028637011074
3.2222902469237167 0.23966486629278855
3.274691479221925 0.2708992706879379
3.3296415554373557 0.2896329164985881
3.386940566243168 0.3125325298882292
3.4419156311244548 0.32918283492844314
3.496965662003306 0.3395831176573482
3.5521031532126504 0.34269170768972645
3.604866721165757 0.3437176709135499
3.6625280676264698 0.3364088431318652
3.717902951161438 0.31972569584509886
3.775626769286788 0.3072085161373234
3.8310016528217563 0.290525368850557
3.8863265590250133 0.27800890310466314
3.943950422486944 0.27382508647863296
3.996801450770543 0.2675593570059294
4.054387831233691 0.2665005515355535
4.1118242797017075 0.2779417906877952
4.164412926993828 0.2935511393046724
4.219338014543404 0.31436812588575896
4.274250607760052 0.33622678285206353
4.329125717977918 0.3612104509740225
4.384063299860421 0.38098576716989085
4.441387299332089 0.4018020397890958
4.496424835878012 0.41324399290321895
4.553873778678956 0.42364356167024253
4.609036258554156 0.4246688109321844
4.664323681758631 0.41527735634194496
4.719661082294817 0.40171922021083306
4.7749485054992915 0.3923277656205935
4.8303483777001155 0.3735612775633909
4.888122173157175 0.35687741631474296
4.943409596361651 0.3474859617245035
4.998672030900273 0.34017784790470046
