-0.00013784115686249487 -0.005256008621337793
0.05524422946793395 0.016573143530237353
0.11067642414977141 0.03570687451442321
0.16614871807724185 0.05268426856469765
0.22175133455301954 0.06265356757975993
0.2775143480113288 0.06399751885917648
0.3333525475551996 0.06129833838750911
0.38754667802812015 0.04700897220621039
0.4436806095085343 0.028406806846946228
0.4998496278288771 0.007917846670509543
0.5542292173128495 -0.01634457783012945
0.6141725771283933 -0.03979875191097958
0.6702212977118372 -0.05381870128568207
0.7243452545049 -0.06433447783263564
0.7783238515325434 -0.06703353299416039
0.834026716122403 -0.06245507631387674
0.8896193077867728 -0.05194669306533657
0.9451467381769884 -0.03793426229919035
1.0004536227162228 -0.012061978396531378
1.0539760908247908 0.009767299065186377
1.1112227763715192 0.031326783789880006
1.164835467782762 0.04830430315029703
1.2222926743690632 0.05854301897195563
1.277920352873362 0.06716460740332326
1.3319590987694547 0.061231046840931364
1.389817297812085 0.049906393323475656
1.4459261672639774 0.032651938547906115
1.5021202476128428 0.010815267787774793
1.5582792411217756 -0.00913460815518402
1.612588656925892 -0.02962344302147797
1.6687276008120104 -0.048495150497481224
1.7247763213954532 -0.06251509987218358
1.7787549184230973 -0.0652141550337084
1.8363825468033381 -0.06413987118117344
1.8901456103857042 -0.05524861532292401
1.945587829878951 -0.03665396857221616
2.0010300493721958 -0.018059321821508142
2.0564221448084012 0.0032307460965891183
2.1099696749454906 0.023712312974612224
2.165406882033031 0.042576501842059175
2.220984436480288 0.05389351144081609
2.2784616926894063 0.06305405879551898
2.3324252524999367 0.061163629984210995
2.3884037994035228 0.050917270243853605
2.4444775820154883 0.03554961028545657
2.498786997819604 0.015060775419162509
2.5549159168943123 -0.0032718478233627474
2.6130046865993335 -0.026995438710809103
2.6671887922608457 -0.040745720658630066
2.7232224756271775 -0.05395704368311556
2.779170948096538 -0.06258615072303929
2.8349339615548472 -0.06124219944362287
2.8906418385504127 -0.056933284880078164
2.946164256534923 -0.04265131199719287
2.9997167990777167 -0.02243928723590878
3.055133956542442 -0.0024969299015061425
3.1123956793062844 0.018253928472970693
3.1659482218490793 0.03846595323425488
3.221530788702038 0.04951342071627286
3.277158467206333 0.0581350091476405
3.3310819277712365 0.05840091727024395
3.386925139720809 0.05543219468183765
3.4430039347384818 0.039794992606701676
3.4991178165960735 0.022270995714393227
3.555281822510712 0.0020515776546954773
3.6095762010977173 -0.01762863086138171
3.6675747475000597 -0.036500463647527445
3.7217738903786883 -0.05105937194556508
3.7795819653642746 -0.05968860429563157
3.833540512769105 -0.06130949099020057
3.8910729054409683 -0.055113906919625796
3.944820931806222 -0.04541402471116003
4.000268163705169 -0.02708892007719098
4.055705370792712 -0.008224731209743999
4.111142577880251 0.010639457657702925
4.164700132828748 0.030581940302248187
4.2201874639733346 0.04675070800230581
4.277669732588155 0.055641713240269786
4.333432746046466 0.056985664519686334
4.387436405102629 0.05293889877446692
4.4433949023834005 0.043770707501065265
4.499558908298038 0.0235512894413675
4.557572491917498 0.003870830305005013
4.611876895315908 -0.016348462444550196
4.667965715144983 -0.03252474875316384
4.724044510162654 -0.04816195082829976
4.778103305681558 -0.05517367985764747
4.832096939926319 -0.058681361369388826
4.88967444424952 -0.05491165634946478
4.943422470614768 -0.04521177414099865
5.0008095035212135 -0.03119946868499522
