0.0012177301509981309 -0.0195774647887324
0.05772040915733012 -0.017038274459224928
0.11032635168046723 -0.006330344463272575
0.16877739892839716 0.004377997159773064
0.22333170969313165 0.016776205209826908
0.27788602045786637 0.027484272414810357
0.33438869946419836 0.03734740640628967
0.3908913784705307 0.043266878425938
0.44349732099366723 0.04073537180217203
0.503896736483195 0.03538751260607975
0.5584510472479294 0.02468712910683782
0.6149537262542617 0.014550263098317126
0.667559668777399 0.004694812812579302
0.7221139795421336 -0.007132331250042895
0.7805650267900635 -0.016987369908687378
0.8351193375547978 -0.022617330872718056
0.8896736483195327 -0.02486701014660786
0.9461763273258648 -0.028243312774846874
1.0007306380905994 -0.026831020217750717
1.0572333170969315 -0.014996055240355938
1.1117876278616663 -0.003161227471992184
1.1682903068679982 0.008673737505402623
1.2247929858743303 0.017691801074346716
1.2793472966390647 0.03037169926524566
1.3339016074037997 0.04023469604769386
1.3923526546517295 0.04108388274116202
1.4449585971748662 0.03742561555401576
1.5014612761811983 0.031232411517326072
1.5560155869459331 0.022503859003999635
1.6125182659522652 0.01095854229125362
1.6690209449585973 0.002230126986958264
1.7216268874817344 -0.010442224707230191
1.778129566488067 -0.02452275268758189
1.834632245494399 -0.0298708863017364
1.8891865562591335 -0.02817690360379521
1.9437408670238678 -0.024792780060783642
2.0002435460302 -0.019436688322825413
2.0567462250365325 -0.013517216303177093
2.1113005358012673 -0.0033725293798837763
2.1678032148075994 0.008744125738356104
2.2243058938139315 0.019734020293215693
2.278860204578666 0.03297729876580477
2.3334145153434007 0.04171353498487272
2.389917194349733 0.04397103517353515
2.4464198733560654 0.04256656353121162
2.5009741841207997 0.038908433553096464
2.557476863127132 0.029616637967111004
2.6120311738918662 0.01694442348195359
2.668533852898199 -0.0002346960476938692
2.721139795421336 -0.010653526615121783
2.7776424744276675 -0.022762223609557958
2.834145153434 -0.03402585018145893
2.890647832440333 -0.037683842950543
2.9452021432050697 -0.03598986025260184
2.9978080857282055 -0.031479113355241034
3.056259132976132 -0.02302429285895599
3.110813443740867 -0.011752845372282411
3.1673161227471978 0.00346240129525327
3.2238188017535383 0.013607225427577627
3.2783731125182656 0.02628712361847657
3.3329274232830035 0.03586843026007974
3.389430102289336 0.047140014955784404
3.445932781295665 0.04911582500360172
3.500487092060402 0.04602107530717674
3.5550414028251347 0.03560238194877986
3.611544081831475 0.024057065236033875
3.6680467608378 0.011948368241597673
3.7226010716025333 -0.003540747652010484
3.7771553823672694 -0.01593127199632277
3.833658061373598 -0.027758278849913914
3.888212372138334 -0.033669929954789624
3.944715051144669 -0.03676454244218355
3.9992693619093997 -0.035070559744242336
4.053823672674131 -0.02717939394770963
4.1083779834388725 -0.017879777446951545
4.166829030686797 -0.008298196387286239
4.221383341451544 0.006353532789528216
4.277886020457871 0.017906807626077964
4.3324403312226 0.028333184690216312
4.388943010228941 0.03904138910423083
4.445445689235267 0.04467917098303409
4.498051631758406 0.0424293545001132
4.556502679006334 0.03595459753160951
4.611056989771074 0.025817594314057793
4.667559668777404 0.015399038164692
4.722113979542135 0.0007549926936190887
4.776668290306871 -0.01191722179153834
4.833170969313203 -0.022335777940904078
4.889673648319539 -0.03359940451280502
4.944227959084271 -0.03669415420923006
5.000730638090602 -0.03669017514732817
