0.0037188265182200864 -0.05014409221902022
0.06275177845028113 -0.007492795389049067
0.11911185801281854 0.03400576368876074
0.1753647163341715 0.06743515850144083
0.23170947857653978 0.10778097982708923
0.2852128779275228 0.13429394812680107
0.3413431976875224 0.1585014409221901
0.3972590749651531 0.1665706051873198
0.4530677310015997 0.16657060518731975
0.5085700406346622 0.14351585014409213
0.5640570329475557 0.11930835734870304
0.6192989481377421 0.07665706051873195
0.671806721677728 0.02824207492795383
0.729706191917269 -0.014409221902017377
0.784994059067963 -0.053602305475504375
0.840373830139672 -0.08587896253602306
0.8932185847233803 -0.1089337175792508
0.9488893848783037 -0.11930835734870321
1.0021323897864112 -0.1123919308357349
1.0607824087142426 -0.09855907780979828
1.1170352670355954 -0.06512968299711819
1.1732728080367791 -0.0328530259365995
1.229602252958978 0.006340057636887553
1.2833507294326685 0.05129682997118151
1.3424449506454064 0.09855907780979817
1.396040253917405 0.13198847262247831
1.4521858909975736 0.1573487031700287
1.5081324029155425 0.16772334293948116
1.5665679793610052 0.1654178674351584
1.61947400322539 0.14697406340057628
1.6747618703760843 0.10778097982708923
1.7273615478370852 0.06628242074927948
1.7852610180766262 0.023631123919308272
1.8378300608972888 -0.02017291066282423
1.8931179280479826 -0.05936599423631134
1.948436429839015 -0.09625360230547547
2.0067341504029548 -0.1089337175792508
2.059946520670724 -0.10432276657060519
2.115938984549202 -0.09048991354466868
2.169488335860689 -0.060518731988472685
2.2283834319112295 -0.028242074927953942
2.2820093698235664 0.007492795389048956
2.338645161149149 0.06974063400576364
2.395097144632703 0.11815561959654175
2.4513959549145614 0.15504322766570594
2.5076334959157442 0.18731988472622466
2.563534055873208 0.19423631123919302
2.61926612530881 0.18847262247838606
2.674707165661192 0.16080691642651285
2.7300409847723937 0.12507204610951
2.7851909960415693 0.07550432276657054
2.84032568999057 0.024783861671469676
2.895460383939572 -0.02593659942363119
2.94793752283922 -0.07665706051873206
3.0059901662804505 -0.10778097982708951
3.0588502381843314 -0.12968299711815562
3.114628259580439 -0.13198847262247843
3.1705441368580667 -0.12391930835734871
3.2266131873373904 -0.10432276657060519
3.2828507283385737 -0.07204610951008655
3.3393180291422966 -0.022478386167147035
3.3929746016949713 0.015561959654178614
3.452206678789232 0.07319884726224779
3.503343552174074 0.12161383285302585
3.5595964104954283 0.15504322766570594
3.618568093146813 0.19308357348703162
3.671749828774241 0.19538904899135437
3.7274512635695083 0.18731988472622468
3.7855804936115827 0.16195965417867425
3.8380269978708905 0.10893371757925063
3.8959571027507667 0.06858789625360223
3.948418924330251 0.016714697406340018
4.003538300959082 -0.03515850144092225
4.058872120070286 -0.07089337175792515
4.1143284777428395 -0.09740634005763688
4.167311088208068 -0.1100864553314122
4.225823251254377 -0.10662824207492799
4.279250064004521 -0.08587896253602306
4.332799415316005 -0.055907780979827126
4.388975687036513 -0.028242074927953942
4.448207764130776 0.02939481268011518
4.504567843693324 0.07089337175792498
4.560881971295343 0.10893371757925063
4.612003527360014 0.15619596541786734
4.673448957218723 0.18040345821325637
4.726753231407507 0.19193083573487021
4.785158173212634 0.18731988472622468
4.840599213565016 0.1596541786743515
4.893229525666357 0.1204610951008645
4.951067726625222 0.07319884726224779