0.0035100792219028287 -0.036842105263158315
0.05939681543650732 0.006015037593984529
0.11795042748451046 0.05112781954887172
0.17358224174445203 0.08421052631578901
0.22907679033649797 0.11203007518796948
0.284257588830497 0.12781954887217992
0.341497372342929 0.12255639097744318
0.3958545768295548 0.10676691729323264
0.45254529767040463 0.08045112781954838
0.5063534394854489 0.04360902255639046
0.5600635343948533 0.0030075187969919315
0.616656208330063 -0.02706766917293288
0.6706996627186418 -0.0548872180451134
0.7274688210840036 -0.07819548872180518
0.7792571966428704 -0.09248120300751952
0.83377127617852 -0.10225563909774507
0.8912463722644871 -0.09849624060150444
0.9461722488038228 -0.09248120300751947
1.0014903129657173 -0.07142857142857198
1.0568672052709958 -0.04812030075188037
1.115067848458696 -0.01654135338345933
1.1733077104086527 0.016541353383457996
1.2263903051219627 0.05187969924811964
1.2871401678562946 0.08120300751879633
1.3399286218526862 0.10526315789473618
1.395050592203304 0.11879699248120212
1.395050592203304 0.11879699248120212
1.4523884226213721 0.11729323308270609
1.5094125029413976 0.10375939849623987
1.560926347164473 0.07894736842105193
1.6174994117185553 0.04812030075187898
1.6710722409600645 0.0022556390977435947
1.7275864773707625 -0.030827067669173758
1.7814730567103187 -0.06466165413533911
1.8381833869322963 -0.09022556390977529
1.8898541062043956 -0.10902255639097833
1.9469566240489318 -0.11954887218045193
1.9469566240489318 -0.11954887218045193
2.0018825005882683 -0.11353383458646707
2.057082908463395 -0.09699248120300827
2.1125578476743128 -0.06992481203007592
2.1735430229821797 -0.031578947368421956
2.226841320887897 0.01203007518796903
2.282767275864757 0.05639097744360816
2.3386344026982337 0.0984962406015029
2.396521295787888 0.11804511278195404
2.4516432661385026 0.13157894736842018
2.506196564436408 0.12330827067669084
2.563083379088537 0.1045112781954878
2.6196760530237473 0.074436090225563
2.6709938034355436 0.042105263157893785
2.727292336653835 0.0007518796992471433
2.727292336653835 0.0007518796992471433
2.781159306612263 -0.03383458646616644
2.8378108086908584 -0.06165413533834671
2.8920111381284634 -0.08345864661654276
2.946387951996213 -0.09849624060150483
3.00101968781863 -0.10375939849624163
3.055925954976838 -0.09849624060150489
3.1135971448740842 -0.087218045112783
3.1690328653227464 -0.06165413533834699
3.224468585771409 -0.036090225563910866
3.28019844693699 0.0007518796992470322
3.3386540120793535 0.0421052631578937
3.394207388814783 0.07218045112781846
3.449643109263444 0.09774436090225455
3.5076476586398666 0.1218045112781944
3.5650639265824493 0.12330827067669062
3.622225272570369 0.1150375939849613
3.6764452113891 0.09398496240601391
3.7305867126833183 0.06992481203007406
3.7815318848536847 0.02330827067669053
3.8353792454309836 -0.012030075187971168
3.8943250451015468 -0.05187969924812155
3.9456231861322157 -0.08496240601503871
4.002490391403216 -0.10451127819549008
4.056808377127586 -0.12180451127819694
4.111636206761283 -0.11954887218045232
4.166640520825131 -0.11052631578947494
4.222193897560561 -0.08045112781955013
4.277845321201629 -0.04661654135338475
4.336222448819482 -0.00827067669173065
4.39206996627183 0.03308270676691599
4.447878264961923 0.07293233082706638
4.506118126911879 0.10601503759398367
4.563985410620405 0.12481203007518667
4.61900933406538 0.13458646616541223
4.676170680053301 0.12631578947368288
4.730429837634286 0.10676691729323176
4.78443407326061 0.07744360902255507
4.84092870029018 0.043609022556389626
4.894776060867481 0.008270676691727957
4.948603812063651 -0.027819548872181882