0.007830348505012463 -0.0061066726015015504
0.063178739967934 0.012298507055943375
0.11852713143085575 0.0307036867133883
0.17564688943493428 0.09179539353859978
0.23103615858726734 0.12849333920760886
0.2864799313254821 0.18958163955870244
0.3418964522707558 0.23847476256875444
0.3956574267948715 0.29651086211046973
0.4527363071095388 0.3393098029241175
0.5064700298407137 0.3851507251247903
0.5634944065694991 0.4035593112563527
0.6171804386630273 0.4280586731102023
0.6741775635988719 0.43427208190072175
0.7294578255794415 0.4221893182055605
0.7863868210329341 0.39791478364347377
0.8366391272159117 0.38582180052595927
0.8969064673046618 0.3554564902415871
0.9488143199087975 0.3342205305924084
1.005777380103466 0.32518996770662545
1.0610440161875654 0.3070096153409425
1.1163719688057814 0.31626841199260536
1.1733827196380961 0.32857940945364694
1.2304343481598228 0.35918317292625224
1.2824852726768985 0.40197189431754676
1.339577778888036 0.4508684238017162
1.39499429983331 0.4997615468117669
1.4504312596232896 0.5578010528276005
1.5058682194132693 0.6158405588434341
1.5612779274103075 0.6616848875182249
1.6166671965626407 0.698382833187233
1.6736983862396613 0.7198402136540567
1.7273639794884839 0.7351931925021233
1.784340665579623 0.7322602182868612
1.8379449422943284 0.7201740481175825
1.8931775136372513 0.6867497240755962
1.9484237108766445 0.6594229887041316
2.001987109901939 0.6290440525232888
2.057240120089567 0.6047661114870846
2.114203180284238 0.5957355486013021
2.169517507005982 0.5988967565824432
2.2265486966830013 0.6203541370492665
2.2819379658353363 0.6570520827182755
2.335678501514744 0.7059417992542096
2.392771007725883 0.7548383287383782
2.4465524210947027 0.8220208112858758
2.5020098197293903 0.8892067003074908
2.560805562999331 0.9503018136068202
2.6128496745681726 0.9900417406628546
2.668252569616974 1.0328372750023844
2.7269665575080957 1.057346856278586
2.7806457766533867 1.0787974237971738
2.8359396645304296 1.0728122487725338
2.8945650840944923 1.0576875036903468
2.946472936698627 1.0364515440411681
3.001746385730959 1.0213199860107463
3.058654942339748 0.9878990684428779
3.110562794943882 0.9666631087936992
3.1675258551385514 0.957632545907916
3.224488915333221 0.9486019830221328
3.2798168679514355 0.9578607796737959
3.33349608709673 0.9793113471923838
3.388892169197298 1.0190580871966535
3.4459574236154955 1.0557594393397798
3.5014080093019446 1.1198965340261346
3.5568654079366304 1.1870824230477497
3.612288741830139 1.2390243403930616
3.667739327516591 1.3031614350794163
3.723149035513628 1.349005763754207
3.7785314917177253 1.382654915087955
3.8338798831806447 1.4010600947454002
3.8909042599094334 1.4194686808769625
3.946177708941767 1.4043371228465404
3.99975473386353 1.380055775336219
4.055007744051159 1.3557778343000149
4.108571143076454 1.325398898119172
4.165520577374653 1.3102707465628673
4.219118041141124 1.2951357820583278
4.276094727232261 1.2922028078430658
4.329739881636377 1.2984094036853506
4.388447056579264 1.3198701906262915
4.442173966362201 1.362662318491704
4.499239220780399 1.3993636706348302
4.554655741725673 1.4482567936448818
4.610092701515652 1.5062962996607148
4.665556913098572 1.5765309830175909
4.720966621095611 1.6223753116923816
4.778052314358514 1.66822304684129
4.833462022355546 1.7140673755160807
4.887113989707906 1.723322765693626
4.945814351702555 1.7417347582993064
