-0.0015173969707767965 -0.00448441578185696
0.04017823466674708 0.025118229305084394
0.08969701963505872 0.047098725386544554
0.13909743023165388 0.08432584054507919
0.18710171956182897 0.10137337481852166
0.23826381933749796 0.11169492371235959
0.28950251429486595 0.11215101320338461
0.33929286399829117 0.09915397140214445
0.3892155144701066 0.0691165906324093
0.43918342573110647 0.03324962021555744
0.4907076118202618 -0.0030655480675383373
0.5391122850547703 -0.0375874606724359
0.5905529127638904 -0.063140309607009
0.6404163760498467 -0.08555438083820671
0.6902241337491126 -0.10079357250372256
0.7384025030376964 -0.10616753687303637
0.7896446795942318 -0.10615987735486648
0.8439367370220481 -0.09897687405779204
0.8903951963215748 -0.08282643183667132
0.9398930916948773 -0.05815535591808019
0.9877407090624863 -0.0209284728661569
1.0386277625038727 0.02481904388323647
1.0895252607427635 0.0692212707140645
1.138950042533535 0.1033093760626131
1.1884444563076713 0.1284288819540592
1.2396344088766846 0.13516299106505605
1.2894073505842703 0.12440809912809156
1.336245304193122 0.09167967430800317
1.3893501363046077 0.05177729834867753
1.4393459003589524 0.012322888148984606
1.490828307258089 -0.01861112045984961
1.5422445637730327 -0.041024959584436305
1.5905308626358263 -0.06030025311225945
1.640324693938419 -0.07374572488635517
1.690083709249332 -0.08270689693189853
1.7413363306033725 -0.0840445273322944
1.791029195530091 -0.0844855298935907
1.8422156664999367 -0.0773029908097389
1.888684570596966 -0.0624978385071831
1.9413124236224177 -0.04096530818535571
1.9892610073659027 -0.01674289434623108
2.038682307557507 0.017793640975172775
2.0896877353706103 0.048294538647491614
2.1375771319282366 0.08014026202515342
2.188652191724702 0.10167256024036966
2.2397655491120165 0.11827212875417945
2.2878812496155723 0.1209699038962577
2.3376785625173353 0.1070760021493073
2.387649955377504 0.07076060175960028
2.4392263654541795 0.027718983883677495
2.490802775530857 -0.015322633992245288
2.5407706867918574 -0.051189604409097145
2.590644594875317 -0.07494896555886071
2.6389413385356155 -0.09556954900524894
2.690256628674682 -0.10497891891703709
2.7399494936014 -0.10541992147833329
2.791149890967919 -0.10003110228590195
2.8407313447212568 -0.08612234571583405
2.891799441319386 -0.06369318755490766
2.9397375802653674 -0.03812548379721731
2.9891762884528106 -0.005831098340089491
3.0385175118635486 0.03901932635698235
3.0879388120551514 0.07355586167838621
3.138968611062432 0.10091774954071911
3.1885396200182656 0.11617179602935232
3.2397260909881114 0.1233543351132043
3.287897497078357 0.11887723068960046
3.3392580480066094 0.10363827113069585
3.3891424008875735 0.07853362006236714
3.4391277201444144 0.04042449978123963
3.490672795828579 0.0014187516610130457
3.5390670242655844 -0.031757871025319295
3.5920882979970346 -0.06089792763612184
3.640398968054005 -0.08331223097393098
3.688671340520127 -0.10079380461033327
3.7414976446981614 -0.10482178274124865
3.7896411979950617 -0.10571144738201105
3.8408381137624117 -0.09987419821672472
3.890384751524069 -0.08148114191810579
3.938305482474208 -0.053671288296139985
3.9861774710359956 -0.019583415054202635
4.035473433657546 0.03109659928998601
4.087958541117105 0.07101475849887384
4.13741465730039 0.10106699409172634
4.186961295062046 0.11946005039034542
4.2381373212343885 0.1279878793927628
4.289396905786764 0.12575338904665706
4.337679723050389 0.10692652549168896
4.3876093367205415 0.07599228477624353
4.4391509308055355 0.03743496662887208
4.489125805264873 0.0006711362663099352
4.539058900534191 -0.030711534421990816
4.590506491441647 -0.05716124330227357
4.640356028330931 -0.07778159464205081
4.6901637860301975 -0.09302078630756666
4.741479076169264 -0.10243015621935458
4.7896295926645 -0.10421668080582752
4.840816063634347 -0.09703414172197566
4.891925939422494 -0.07998614323531067
4.938304321941152 -0.05352181163852143
4.989285378560079 -0.019881904156216934
